y
1211075609,
1211075609 ,
606569018.585 ,
36089726.2754 ,
1998393.70437 ,
145602.083316 ,
78933.3299338 ,
19064.0378777 ,
0.807285588167 ,
0.00377636486519 ,
1.12071556816e-10 ,
2.36509169373e-16 ,



x
[-100  100]
[-50.37279597  74.56173802] ,
[-25.86272015  68.13904581] ,
[-13.97325118  53.89512473] ,
[ -7.79661571  22.63951628] ,
[ -2.49613216 -21.86222493] ,
[  1.2196132  -12.31978437] ,
[ 0.92099293  0.75872694] ,
[ 0.99936359  0.9925827 ] ,
[ 0.99999037  0.9999803 ] ,
[ 0.99999998  0.99999997] ,
[ 1.  1.] ,


linalg.norm(grad)

16503.7486954
16503.7486954 ,
24813470.6353 ,
3107968.05969 ,
395310.110158 ,
59615.5660785 ,
14306.743833 ,
3640.14001751 ,
18.6893703475 ,
1.37276917586 ,
8.96698008756e-05 ,
2.18439819337e-08 ,


alpha

0.01,
0.04 ,
0.02 ,
0.01 ,
0.005 ,
0.005 ,
0.0025 ,
0.00125 ,
0.000625 ,
0.0003125 ,
0.00015625 ,
7.8125e-05 ,

